88
-84
-76
503
-49
243
26
-12
735
339
-128
130
124
-224
-55
344
108
-136
-228
52
119
-64
-193
-70
-308
-107
475
91
-141
-242
196
-158
407
-11
582
-106
-36
-40
98
-48
-56
-95
-165
162
-54
-265
-276
312
-56
-63
-134
-167
-44
-18
-177
324
-241
126
-113
-129
158
117
-157
-51
-113
-238
-33
-66
-95
-60
0
316
-46
258
-96
-66
307
-38
-97
182
-126
743
-208
121
179
-78
-312
269
-176
202
-158
-386
171
515
48
344
-56
-141
158
-124
127
-130
-77
-289
202
274
308
231
-44
-131
-85
-475
-161
476
-73
160
-52
-30
-201
95
16
-46
-374
545
380
133
202
-51
