1152
-491
-180
511
-538
1572
271
284
323
584
309
-279
1372
-563
-529
-2035
-1519
357
1
-778
-581
-153
279
468
29
151
-341
286
-28
-568
-1118
398
721
1065
-1236
153
887
-428
449
-167
-714
671
433
-229
660
-1102
-609
-137
105
-245
30
1012
1191
203
-615
-1233
-120
1026
153
-133
420
-1568
-543
-2937
-142
196
654
416
1434
1444
359
512
276
1468
-1757
153
-662
329
-493
-1344
757
516
716
199
-226
879
-1175
-1216
402
455
-621
-1195
-362
-624
-2241
-42
1073
850
-1388
454
358
34
1170
-758
-506
574
1
371
555
-685
2004
-62
-290
-645
-408
968
373
-889
-234
373
1032
1116
-164
671
-297
-980
-415
-1393
-329
1239
-406
728
1444
1066
-324
-124
-1096
-340
595
-64
-583
986
-45
-751
-293
893
153
-576
-640
-1619
-838
122
617
-24
-645
1259
-675
-1112
-13
1643
840
-290
216
648
-1233
-332
1202
828
-2
535
302
-832
-679
-1595
-676
-6
-512
1002
-23
1237
234
1819
-479
856
577
-465
-1082
300
-1415
355
-620
-1211
727
-438
-404
743
-1061
97
375
948
