95
126
-76
168
199
-13
-45
236
-8
-83
-26
-89
-6
-333
-21
206
44
-14
-113
-20
-36
-58
-112
114
-22
-12
-88
-72
-14
261
-14
-30
-12
334
-44
-118
46
-42
61
-39
-86
190
94
130
-28
-30
-17
-46
-73
-70
182
-29
-27
41
-39
123
-230
135
-105
69
135
-4
104
182
109
316
-4
-33
50
2
-31
112
-16
226
-16
-15
-29
-174
69
195
-17
242
-23
-65
-22
-15
-18
-39
-43
80
-61
23
93
119
-14
-21
118
27
-97
-97
-26
-13
100
96
95
-22
-8
-74
65
151
-86
65
-120
120
-34
-94
76
-30
-46
-99
-27
-16
100
-29
-34
-50
-50
66
-56
-6
209
-53
169
-24
-31
57
104
-29
274
-85
94
40
62
85
-36
-14
-15
32
-18
-16
83
181
-88
216
-62
93
108
-63
40
-77
-6
-35
-16
88
227
67
108
91
-114
-70
-84
130
-36
-57
307
-68
202
169
-70
-150
-54
-27
-62
-27
58
-106
-28
158
102
-53
-20
-21
122
-21
-26
-13
-45
-17
113
-17
-112
-77
-2
-15
-26
-41
-34
-90
-22
91
51
-17
79
-68
114
-69
-90
339
2
180
108
88
-6
104
7
-26
-53
-58
-46
-55
-18
-17
37
95
-49
-63
-27
-25
-15
-54
172
-33
25
-13
-22
-18
-96
115
-17
219
19
165
-73
-37
-28
-31
