[[[ 12   1   1 ... -33   3 -11]
  [-13 -11  -1 ... -29  -7  25]
  [  2   5 -19 ...  20  30  28]
  ...
  [ 39   6  -6 ... -25  -4  18]
  [-13 -12  -3 ... -17 -40  20]
  [ -9  -2  -9 ...  -2  19  -5]]

 [[-14  -3  -4 ... -17 -19 -10]
  [-23  -2 -13 ... -19  18  15]
  [ 23  -6 -17 ...  48  37   9]
  ...
  [ 46 -18  -3 ...  -8 -10  -9]
  [  3  -6  -1 ... -16 -11  -2]
  [ 13   5   3 ... -31   3   9]]

 [[  8 -16   4 ... -14  -6 -10]
  [-25   9  -4 ... -13 -11  57]
  [ 25 -18  -6 ...  38  32  12]
  ...
  [ 30   4  -4 ...  -6   5 -16]
  [  8  -4   6 ...  29  24 -44]
  [ -7 -12  -6 ... -17  -2  22]]]
[[[-10 -18   4 ...  -6 -20 -18]
  [-12   4 -15 ... -36 -13  -6]
  [ -4 -16  -2 ...  -4  36 -17]
  ...
  [  3  -9 -12 ... -40  -3  10]
  [-23 -14 -16 ... -34 -26  27]
  [-11  -3   0 ... -24  19 -14]]

 [[-17 -10  -7 ... -21 -27  14]
  [ -7   6 -11 ... -57 -30  -8]
  [ 16 -23  -6 ...  -2  19 -20]
  ...
  [ 25   7 -17 ... -22   4  -3]
  [ -7 -12   6 ... -49   2 -18]
  [-11  -3  -9 ... -28   8  15]]

 [[-29   1   8 ... -24 -12   3]
  [ -9  -9 -10 ... -20 -15  29]
  [  2 -15 -13 ...  35  19 -21]
  ...
  [ -2  -9 -14 ... -35   8 -15]
  [-23 -18  -4 ...  10  28  -8]
  [  2  13   9 ... -10 -11   9]]]
[[[  5  -6  -1 ... -15 -12 -27]
  [  3 -10 -15 ... -29 -27  22]
  [-31   0   6 ... -41  60 -39]
  ...
  [-14  -9   4 ... -42  -7  30]
  [  2  -6 -13 ... -56  -7  -5]
  [-12 -12   2 ...  10 -12  14]]

 [[ -6 -12   3 ... -22 -26 -15]
  [ -9  -4 -19 ... -30 -16  31]
  [ -1 -15   7 ... -25  56 -39]
  ...
  [  1 -14  -3 ... -51   5 -11]
  [ 13   1   3 ... -58 -15 -12]
  [-19  -4 -13 ...  -1 -23  26]]

 [[-20   0   0 ... -24 -36   6]
  [  7 -16  -8 ...  -9 -11  31]
  [-12   1   4 ...  -6  67 -22]
  ...
  [-16 -21  -7 ... -56  23   2]
  [-11   2  -9 ... -42  13  -4]
  [-12 -13  -1 ... -22 -13   0]]]
