[[[  4  -7   2 ...  13  -2   1]
  [ 12 -13   1 ...   7  -3  23]
  [-18   5 -38 ...   2 -13   2]
  ...
  [ -1 -15 -10 ...   7  20  -4]
  [  8   5 -35 ...  14  -9  -3]
  [ -4 -10 -15 ... -12  13  -1]]

 [[-12   7   8 ...  -8  14   1]
  [ -2   4   8 ...  11  -5  15]
  [-10  -8 -16 ...   4 -15  12]
  ...
  [ -1 -20 -18 ... -31  21 -20]
  [-14 -19 -42 ... -20   2   0]
  [-16  -8  -7 ...  -9  10   7]]

 [[ 15  -2  -3 ...  -9  13  11]
  [ -1  13 -11 ...  -1  12   7]
  [-20  -2 -24 ...   7 -18  18]
  ...
  [-17  15   7 ...  11  17  -3]
  [-17 -19 -49 ... -13  -5 -17]
  [ -4 -16 -11 ...  -1  13  13]]]
[[[-15 -14   1 ...   7  12  -5]
  [-16   7 -10 ...  -2  -9  -1]
  [-11 -12   5 ...   7 -20  -6]
  ...
  [  4  -4  -7 ...   5  16  -9]
  [ -6 -13  10 ...  21 -41   3]
  [ -1 -15  -9 ... -13   5  -5]]

 [[ -4  15 -12 ...  12  -1   8]
  [-12 -13 -15 ... -13   8  14]
  [ -8   3  -2 ...   8 -43  10]
  ...
  [ 10 -13 -33 ... -37 -12 -16]
  [ -9  -3  21 ... -23 -23 -10]
  [-16  13 -11 ...   1  12  -8]]

 [[-12   7   7 ...   4 -12  15]
  [-12   7  -8 ...  11 -11 -11]
  [ -9   1 -29 ... -19 -44  10]
  ...
  [  1   7   9 ... -15  -2 -26]
  [  2 -12 -14 ... -38 -32   1]
  [  1 -12  -1 ...  -8  -9   4]]]
[[[  5   1  -3 ...  15 -14   9]
  [  5  -9 -11 ...   6   3  -9]
  [ -6 -23  23 ...  -1 -13   8]
  ...
  [ -9   2 -16 ...  28   8   0]
  [-22 -15  -4 ...  10  20   2]
  [ -2   8  -1 ... -11  -4  -7]]

 [[ 12  -6  -2 ...  -9  11  -6]
  [ -9  -3  13 ...   8  -3   0]
  [-14 -16  -4 ...  -2   3 -15]
  ...
  [ 16  19 -30 ...  -6   2  12]
  [-10  -2  15 ... -40  23  -6]
  [  1   5   0 ...  -5  13  -2]]

 [[ -2  -9   6 ...  -8 -12  -9]
  [  1 -16  -2 ...  11 -13 -13]
  [ -1  -7 -33 ... -12  -8  -9]
  ...
  [ 16  -3  14 ...  -5 -25  22]
  [ 15  -5  19 ... -60  14  -2]
  [ -9 -15  -5 ...  10  13   1]]]
