[[[ 17  60  19 ...   0  29   8]
  [-12   7  -4 ...  -4  11  -8]
  [ -8 -46   9 ... -21  -5 -14]
  ...
  [ 10  -6  -3 ...  19  -7  14]
  [-18 -36   2 ...  -6  -4  22]
  [ 14 -30  -6 ...   6 -19  14]]

 [[ 18  14  17 ...   0   7 -13]
  [ -7  12  14 ...  13  11 -26]
  [-24  -4 -17 ... -18  -2  -2]
  ...
  [-16 -16  10 ...  -6  -1  -8]
  [-22  15 -10 ...  16 -22  23]
  [ -7  11   0 ...  17  -9   3]]

 [[ 11  21  17 ...  -8  11 -14]
  [ -8  32   7 ...  -2  -1  -6]
  [-10  23   6 ... -12 -14  19]
  ...
  [  6  -8   5 ...  -2  -9  12]
  [-26  17  26 ...  15  -3  32]
  [-20  26  -4 ...  23  21  39]]]
[[[ 12  24  -9 ...  15  36  16]
  [-24 -14 -16 ...  -8   3 -23]
  [ -2  -4   8 ...  -4  16 -26]
  ...
  [-16  -2  -9 ...  -4  -9 -14]
  [ -9 -22 -15 ... -10   4 -10]
  [  7 -33   0 ...   4 -12   3]]

 [[-18   5  16 ...  12  -3   9]
  [-13   0  14 ... -20   7 -18]
  [-23  -5   5 ...  -7   9 -11]
  ...
  [ 10   5   7 ... -12   5  -8]
  [-29  22  14 ...   2  -3  10]
  [ -4   7 -20 ...  12   8 -15]]

 [[  6 -27   6 ...  -2 -60  -1]
  [-20   3  11 ...   1  -2 -16]
  [-23   5  25 ...  -1   4  11]
  ...
  [-10  -8   2 ...  -5 -16  -2]
  [ -2  15  -4 ... -13  -2   4]
  [ 13  17 -17 ...  16   4   7]]]
[[[ -21   32  -89 ...   27   -2   21]
  [ -29    9   15 ...  -26   42    1]
  [   7  -14   43 ...  -22   24  -29]
  ...
  [  11   10  -16 ...  -10    2   11]
  [   5  -41  -29 ...  -31  -12  -33]
  [  20  -24  -19 ...  -26   -8  -35]]

 [[ -11    1  -80 ...   15  -32    1]
  [ -21    3   -8 ...  -12   14   20]
  [  25   16   31 ...   -6   14  -15]
  ...
  [  16   12    9 ...    0    8   -2]
  [ -16    2   -4 ...    5   14  -24]
  [  36    1    5 ...    7    3  -16]]

 [[  23   14 -107 ...  -24  -87  -11]
  [ -42  -20   -3 ...  -34   24   15]
  [  21   12   26 ...  -19   18    0]
  ...
  [ -11    3  -19 ...  -15    5   16]
  [ -24   16  -18 ...    5    8    2]
  [  36   11  -16 ...    4   -9  -13]]]
