[[[-15 -26 -13 ... -13 -13 -11]
  [ 10  -2  19 ...   7  11   6]
  [  6 -55 -57 ...  -5   1 -44]
  ...
  [ 11   0  22 ...  -5  30  23]
  [  0 -21  12 ... -10 -13  27]
  [-11 -21  10 ...   6  16  15]]

 [[ 15 -21 -10 ... -18  -1  -6]
  [ 23 -10  20 ...  -6  13  -3]
  [-13 -30 -31 ... -16  49  -1]
  ...
  [ 33 -23   3 ... -19  38  10]
  [ -2   4 -24 ...  10  -8  12]
  [ -9 -14   8 ...  12   8  16]]

 [[ -7 -14  -1 ...  -8 -10  -8]
  [ 18  -1   5 ...   1  14 -15]
  [-15 -23 -21 ...  -9  34 -22]
  ...
  [-12  20  12 ... -14  44 -10]
  [-16   2   0 ...  -3  13  30]
  [ 13  -4  23 ... -15  27   3]]]
[[[ 10 -19   7 ...  -6   9  -9]
  [ 18  -4  -1 ...  -1  -5  23]
  [  0 -43 -64 ...  10  25 -25]
  ...
  [ 28 -50  11 ...  -6  15  23]
  [  0 -30  29 ...   4  10  -8]
  [-28   5   5 ...  -3   6  -6]]

 [[-11  -9   9 ...  -6  -2  -4]
  [ -2 -16  16 ... -13  19  16]
  [  8 -28 -26 ...  -6 -31  15]
  ...
  [ 27  -7  12 ... -15  39  18]
  [ -1 -15   1 ...  12  22   6]
  [ -5  -1  13 ...   3  11   6]]

 [[ 12   6  13 ...  -8 -21   0]
  [-25  10  -7 ...   2   4  10]
  [-20 -29 -46 ...   5 -53   2]
  ...
  [ -2  35  13 ...   6  36  -6]
  [  8 -19  23 ...   0  -5  -8]
  [ 38  -2   0 ...  -1 -16   9]]]
[[[ -2 -11  14 ... -12  -9  23]
  [ 12 -21   8 ...  -2  15  11]
  [-44 -12 -23 ... -17   5 -44]
  ...
  [ 28 -62  -1 ... -18  35  23]
  [  7   8   9 ...  -4  17 -27]
  [  7 -11   6 ...   5   7  27]]

 [[  1  11 -13 ... -13  16   5]
  [  0   0 -19 ... -11  12   4]
  [-34 -25 -10 ... -15 -31 -36]
  ...
  [ 19 -30  -8 ...   2   0  15]
  [ -5   2 -14 ...  13 -18 -40]
  [-14  -8  11 ...  -5   1   4]]

 [[-10  -4  -4 ...   8  14  -7]
  [-24   2 -19 ...   1   7  15]
  [-23 -35 -42 ...   8 -35 -19]
  ...
  [ 13  31  -3 ...   1  -1  18]
  [ 16   9  11 ...  -3 -12  10]
  [  9 -22  -3 ...  10  15  11]]]
