[[[  -9    3   21   39   35   14  -12   32  -22   15  -29    2    5   46
    -31   27   17   34  -22    7  -10    6    3   29  -32  -23   22    4
    -31    4   -3   -9]
  [  -2  -38   24   40    2   13   30    4    9  -17    2  -32   25    4
    -12   21   39    0  -46    2  -46  -14    8    4   -1  -16  -19  -11
     11   32  -30  -19]
  [ -20  -28   27   22   30    2    9   29  -21   16   20  -28    3  -14
    -48  -17   12   38  -34   22   -9   41   32    9  -25   36   17  -17
     39  -29  -35   35]]

 [[  16   29   16   40   37    7  -24   -2   22   12  -10   30   41  -13
    -10   -1   39   33    1   27  -34   10  -35   19   -3  -32   47    2
    -16   17  -22  -31]
  [  37  -12  -51   34  -27   22   13  -67   18   38  -21    5   11  -22
    -24   39   51   -3  -14   18  -38   42  -49  -38  -51  -13  -16   20
     -3  -32  -13   27]
  [  31  -31  -26    4   25   47  -14 -111   41   50   27   25   25   16
      1   25   13   27  -39  -19   -9   38   -5   19  -17   -8   33   32
    -25  -21  -43    6]]

 [[  13   22   38   15  -35   -6   -6  -43    0  -47   -2  -22    0    7
    -22  -56   55    8  -35   48  -41  -56  -17   21  -63   20  -36   -6
     18   37   -5   27]
  [  18   12   12  -26    7   13   35  -23  -20   -4    7   18  -18  -30
      4  -55   13    7  -34   13  -42  -66  -42   29  -60   27  -26   -6
     28   -2    8   -5]
  [  15  -37   31   34  -44   26   31  -83   17  -41   45   11   -6  -13
     34  -65   55   34  -64  -30   28  -17  -12   17  -39   47  -24    1
     -8  -32   28   40]]

 [[ -50  -22  -17  -30  -43   36   26  -23   26   41   32  -17   14   -3
     17   34   -7    6   -9  -10    5  -62  -29   40   -3  -21    9    6
     17  -28   21  -14]
  [  22  -24   32   35  -22   33  -33   19  -17   40  -12  -23  -45   10
    -16   25   18   34  -16   -2  -43  -24   -8   32   42   32   -8   14
    -24   19   28  -16]
  [  -2   23    3    7  -60   25   32  -59  -14   45  -17  -31   -2   -5
    -20   37   22    7  -74  -26   26  -26  -10   32    1   43  -27   28
    -35    9   -7  -17]]

 [[ -62   22  -52  -14    2   25   17    7   23   18  -18  -28  -24   -4
    -49   17  -25  -10  -10  -26   23  -50    8  -31   28    4  -23  -42
     55    4    1  -38]
  [ -36  -33   11   -5   16  -35  -20   63  -26   31  -19   18    4   40
      4  -19  -25    0   -5   -2  -24  -34  -24   10   -1  -15   17  -37
     22  -28   35  -20]
  [ -71  -30  -27   10   14  -31   18  -21  -14   -7  -44   11    0    0
    -19  -11  -17    6  -46   29   -4  -21   31  -24  -22   11   35  -21
     40   12  -21   -5]]]
[[[ 26  18   5 -14  44   9 -19  26  18 -19  -9  15 -17  -2   1  28 -45
    42 -13   3  -9  12 -31   1  40 -36   9   6 -50  14 -34   7]
  [ 32  15 -66 -41  21  31 -24  -7 -24   6 -29  29  19  10   4  -7 -41
   -11 -52 -29 -41  -2 -30  -5  21  19   8 -39 -25 -35   6 -21]
  [ 46 -29 -27 -64  53  21 -31  20  19   6  62 -25  -4 -32 -45   9  14
    49 -30 -26  26  -7   2  22 -32  14  12  -9  31   1 -31  49]]

 [[-32   9 -23 -38  60 -32  -3 -34   8  38 -37  -7  10  57 -17  20 -40
    26  32 -16 -41   8  18 -75 -45  -6   8 -17 -18  52   4  -3]
  [  5  31 -49 -43  -5   8  12 -47 -45   9   5  31   3  24  10   2 -14
     1  11 -12 -15  -1  13 -65 -41  19  30 -44   5  46 -27  19]
  [-37  26 -47 -24  28  20   1 -42   1  44   0  44  29  57 -12  34 -33
    58 -37 -23 -10 -23   7   7 -61  45  39  -1   7   7  24  54]]

 [[-19  16 -34   2  39 -36 -15  -6  22 -63  18  29 -11  55 -40 -15 -43
    41 -21  38 -82 -18  43 -58  68 -40 -24  -1  34  17   2 -11]
  [-21 -31 -19  27  23 -36 -43  15  -1  -1  28  39 -51  41 -51 -11  -3
    48 -39 -20 -47   8  61 -38  56 -17   1 -40   2  39  30  14]
  [-36  -6   0  13   3 -28  -2 -64  -2 -35  43  -9 -44  41 -12 -12 -36
    39 -39 -10   8  20  48 -52  72 -17 -16  18  44  -9 -18  60]]

 [[-14 -21  15  11  10 -53 -28 -17  30 -19 -10 -12 -19  -9  16  52 -38
    19  30  -3 -71  -5 -23   8  -9   5 -36 -11  25  28  -1  -9]
  [ 22 -49  31  57  -1   7   1 -26 -36  -3 -41  13 -31  32 -43  61  -2
    12 -37 -36 -58 -30  23  -6   7  -8 -36 -34 -12  34  47  25]
  [-11 -28  54  33 -30  15 -11 -84   1 -32  13 -15  25  55  12  52 -23
    53 -24  11  24 -45   0  52 -49  -4 -41 -42  -8 -22  22   6]]

 [[  2  30  17 -25 -45 -55 -39 -32 -14 -29  25  25  -9  18  -6 -46   9
    25  67   0 -31  -3  26   8  -3 -42 -29 -48  -1  25   8  -4]
  [-14 -23  55 -27 -33 -23 -50  34 -13  11 -19  24 -35  23 -40 -57  17
     9  24 -24 -20 -15 -10  32  20 -16 -18   9   1  30  41 -36]
  [ -8  -4  17  32   5  -6  -3 -59  29   5  27  43  56  49  23 -57  16
     1   6  20  35  19 -44  19  42  31  37 -16  17 -18   2  -2]]]
[[[ -22   50  -17   -5   53  -28  -13   16  -32  -55  -30   -5   35   45
     43   -1   20    5  -53   15   51   39   -1  -58  -44  -31   57  -57
    -47   15   21   25]
  [   4   41  -49   -2   54   28   12   -6    7   -3  -38  -45  -51   27
     48  -20  -28  -23  -62    1   19   57   41  -17  -12  -34   27   -8
     -9    7  -30    3]
  [  -5   17   10  -38   35    3  -33   -6   -3   -2    1  -31   -5  -30
     39   -7   36  -26   -9  -26   40   39   42    4  -81    3  -17  -37
    -26   17  -23    2]]

 [[ -22   52  -29  -32   -2  -40  -15   11   -5    5    2    9  -15  -37
    -17   23  -36    1  -39   28    6    9   29  -82   48    5   39   -1
    -26   21  -24    9]
  [  24    3   -5  -61  -62    9   22   -5  -27   33  -51  -27  -27  -26
    -23   41  -55  -13  -67   28  -44   15   59  -20   46   18   59  -39
     19  -47  -25  -17]
  [  22   43   38  -45  -13  -33  -12  -31   32   32  -40   -1   30  -45
    -32   32   19  -15  -44  -34  -10   27   35  -36   30  -10   18  -45
     22  -69  -44   12]]

 [[  -1   28    4  -30  -48  -66   -3  -53    4  -13   33   -7   -8  -45
      2  -42   -1  -13  -49  -16  -44   -9   58  -83   27  -23  -57  -49
     13   28   27  -30]
  [   5   -3   23  -74  -77  -47   -5  -53  -42  -45   81  -36  -80   -1
     42    5    7   24  -22    3  -59   13   54  -73   41   19  -70   -8
    -51    1   11  -47]
  [ -44   29   -9  -54  -47  -22   -3 -102  -24  -35   59  -26  -32   -6
    -13  -43   30   -4 -116  -35  -32    0   13  -38   30   20  -57  -28
    -21  -89  -26   42]]

 [[  -4  -11   35  -31  -45  -70  -47  -33  -10  -62   29   -9  -25  -57
     29   -1   26  -27  -18  -10  -81    0  -22  -10    7  -13  -34  -55
    -33  -25  -29   35]
  [ -51  -45   51  -14  -34  -22  -43    4  -47  -13   40  -50  -34  -71
     18  -15   -1   -8    8  -26  -52   39  -44    7  -43  -11  -11   -6
    -15  -45    8    7]
  [ -69  -29   21   18  -19  -47   -9  -72   15  -32    0  -56  -26  -61
     32  -28   17  -41  -47  -26    2   46  -59    7  -60   11  -27   -7
    -17  -43    3   36]]

 [[  35   -9  -47    0  -19  -34    8    9   52  -30   25  -11   12  -65
    -36  -17   23    6   21   28  -59    1  -59   42  -47  -36   22  -32
     51  -42  -12   10]
  [  58  -12  -36   32   17  -35  -34   38  -41   23   10  -26   -7  -46
      3  -19  -23   27   -1   26  -20  -28  -81   32  -56   32   39   -9
     -7   -8   10  -44]
  [  50   22   28   16   31  -24   10    1    5   40  -45    7   53  -41
     20   32   13  -16  -67   12  -33  -20  -71   35    1   44   15    5
     10  -29   34   13]]]
[[[   0  -16   15   30   12  -24   11   63   31  -18  -45  -26   33  -17
     52  -10   21  -19  -36   36   44  -27   21  -17   55   -7   55  -10
      5  -21  -37    2]
  [  24  -42  -26    1  -38    6  -17    0   13   -3  -36   27  -23    5
      5  -39  -22  -33  -30  -29  -10   50   -7  -16   11  -30   25    5
    -11   11   -6    0]
  [  19  -19  -25    5   15   26   -1    5   15  -36   -1    9  -14    2
    -14  -41   11    4  -56  -20    9   45   -3   10   53   32   29  -58
     29   37  -37   42]]

 [[ -18   36   21   38    1  -44  -21  -27   22    8  -30   29   45   -7
     28  -18   -9   12   39   49  -24  -38   15  -76   -7  -30   67   13
     -2  -39   36   -3]
  [  -2  -19   16   22  -80  -14    9   -6  -14    4  -38   49    6   18
     -3   37  -55  -35   33  -25  -23  -49   33  -89  -11   24   54  -29
    -26   12   34    5]
  [ -39   44  -10   17  -13   30  -22  -79   36   50  -22   45   25   17
    -21   26  -11  -37    5  -35  -12   19   30  -24  -44   21   48   24
     49  -41  -11   13]]

 [[ -11  -32    5  -22   21   -5  -20    0   44   -6   42    1    0   22
    -19   10   -2  -45  -22   36   11   -4  -12  -57  -55  -22  -10    3
     20  -40   14   16]
  [  26   -9   22  -60  -59   -5  -44  -51  -40   -9   66   43  -60   -2
     -6  -38  -56  -30    2   -7   -9  -50   38  -61  -52   17   11    6
     -7  -48   47  -15]
  [  26  -29   28  -40   24   -7  -50 -119   17   16   37   39   -1  -20
     28   -4  -45  -53  -23   -8   -3   -4  -23  -34  -36   20  -44   -2
     -7  -49   28  -25]]

 [[  31   -4  -24   47  -36   18  -16  -25   43  -59   -7    2   -3   -5
     87   11  -25  -32  -10   30  -23  -19   -4   24  -18  -39  -39  -38
     19   29  -28   28]
  [  33  -42  -61   47   38   25   -7    4  -54  -10  -13  -20  -28    8
     63   37  -49  -25   -6   18  -48  -55    5   14  -11   26  -15  -16
    -30   18   48  -32]
  [  22  -17  -39   74   -2   23  -27 -127  -33    6  -36  -28   40    0
     98   46  -36  -26  -38  -27  -34   -1  -75   25    7    7   21  -43
    -38  -21   26  -13]]

 [[ -23   30   -4   45  -24   -9   -9  -18   54  -46   16   38   37  -21
     24  -24   -9   -6   57   35  -24  -29   30   33  -59    0  -45   -5
     53   11   -1   45]
  [  22   12   17   78    6  -17  -52  -18  -22   34   39    5   14   -2
    -23   17  -41   -4   48   30   31    9  -24   -9  -84   -9  -62  -15
      5   -6   43  -30]
  [ -22   45   44   76    6  -24  -69  -76   -7  -11  -45   26   37   10
     41  -40   17  -23   18   15   29   -5   11   22  -52    0  -42  -21
     46  -21  -24   11]]]
[[[ -9 -22  51   1  20 -27  -7  70  30 -30 -35 -10  23  34 -20 -30   8
   -28 -36 -22 -16  21  14  35  -4  32  -3 -16 -36  -3  32  18]
  [ -8   2  -9 -51  -3   5 -19  54   6 -46 -42 -38 -52 -37 -43  10 -39
    12 -34  34  27  35  -9 -19 -59  -6  30  40 -22  15  14 -32]
  [-46   5  55 -29 -24 -52 -21  12   8 -27 -28  -1   0 -11 -23  -5  -6
   -29 -21 -26  38  39  13  44 -61 -18 -17  47  23  16 -18  -1]]

 [[-27 -34  19  29   0 -64  29  50  31  -9   1  12   5  10 -47  15 -30
   -35 -36  34  36 -81  -4 -29 -53  33  53  -4  28 -33  -9  -1]
  [ 16 -47 -34 -19 -76   1  29  26 -25  48 -29 -16 -41  26 -35   6 -23
   -21   6   7  28 -67  26  -5 -53  -5  33   7   9  21  21  -6]
  [ -1 -26  -2 -15  -1 -16  27  22 -21   9 -14  32  33  -9 -76  -9 -18
   -17 -53   7 -14 -49 -10 -29 -15  -9  -4  -8  16 -39 -23  28]]

 [[ 24  25 -19 -13 -12  10  66  22  -9 -12  67 -36  20  31  30   4  17
   -15 -35  -4  20 -18 -23   9 -25 -29 -30  11 -15 -24  -2 -19]
  [  5  27 -59 -37 -34 -33  79  -7 -37 -20  76 -19 -10  23  24 -44  24
   -37 -75   3 -10 -63  -6 -16  -3   9  -8  24 -30   4  21 -26]
  [-11  47 -35 -29   6 -39  29 -12 -36 -12  40 -13  39  34 -13  -7  -5
   -33 -85  20  22 -54  22   9  15  25  -4  -2  -4 -15 -18 -11]]

 [[  3 -28 -46   9 -13  -5  41 -23  22 -22   6 -17  28 -35  -2  19  -8
     3 -15  11  13  15  24  33  38 -32  -2 -33 -37  25 -29  11]
  [ 44  -7 -56  36  14 -14  30  -3 -39 -13  17  -6 -51   6  15  52  29
    19   8 -24  23 -29  16  18 -21 -36 -42   1 -69   1  33  14]
  [ 38  43 -11  38  26 -12  22 -56  22 -11 -40   3   3 -20  40  58  15
    25 -34   4  35  31 -22  17  12   3 -26  12 -28 -25 -31  29]]

 [[-33  24  13   0 -36 -26  51  -9  47 -21 -30  25  -6 -28  34 -16  45
   -22  58  19  13  35  21  36 -14  22 -25 -39 -13   5 -15  33]
  [ -6   7  -4  14  34 -21  69 -10 -31   7  16 -23 -26  19  -7 -20  -3
    14  46  -3  13  -2 -34   5  12  13 -18   0 -32 -42  10 -30]
  [ 27  40  15 -37 -18 -49  29 -62   3  31 -38 -16  28   3  22 -45  -5
   -10 -13 -12  37   1 -32  -8  10 -22  39 -22  37 -21  -5 -24]]]
