[[[-15   4  27 ... -16 -16  -3]
  [ -3  -2  -1 ... -37  -8  -9]
  [ 13  -3 -17 ... -15   5  -5]
  ...
  [  7   6  16 ...   7  -5   7]
  [ 10 -29   7 ...  -2   9  -8]
  [-16   2 -36 ...   9  -1  -2]]

 [[-16   4 -33 ... -14  -7 -18]
  [-17  13  -6 ...  -7  -5  -4]
  [  8   5  41 ...  -5   7   5]
  ...
  [ -5  -4 -13 ...  24  -1  -9]
  [-18 -21  -3 ...   1  10   8]
  [  2 -29 -26 ...  15   3   9]]

 [[ -4 -18   5 ...  -7 -34 -10]
  [ -6  -6   2 ... -23  -2  -3]
  [  9  -5  38 ... -26  21   4]
  ...
  [ -1  13   5 ...  26  12   3]
  [  9 -12  -9 ...  20  23   0]
  [-14 -32  14 ...  -8  -3  -3]]

 [[ -7  -4  -9 ... -39   7   3]
  [-12   5   8 ... -16  -5  -3]
  [ -8  16   2 ... -10   2   7]
  ...
  [ -1   0  31 ... -11 -12  11]
  [-19   0 -20 ...   9  13   2]
  [-19 -13  11 ... -12   5  -6]]

 [[-12  -5  26 ... -21  -2 -18]
  [  6  -6  -8 ...  -6   6   6]
  [  3  14 -16 ...  24   3   7]
  ...
  [ -1  15  30 ... -16  12 -10]
  [  3 -10 -24 ... -10  20  -7]
  [ -4 -25 -13 ...  15   2   8]]]
[[[  7   1   4 ...  -5 -24 -12]
  [  4   5 -33 ... -20  13   6]
  [  2  11   6 ... -20 -12   9]
  ...
  [  1   5 -20 ...  24   1 -10]
  [  8 -21  19 ...  11 -23  -1]
  [ -2  -5 -20 ...  -6  -3   3]]

 [[-10 -15 -33 ...  18 -45 -16]
  [-10  -7  40 ... -17   8  -8]
  [-16  10  43 ...  -9  15 -11]
  ...
  [ 11 -15   2 ...  32   5   0]
  [ -1  -2   9 ...  25 -21 -18]
  [-15 -31   2 ... -18  -8 -16]]

 [[-13   5  -2 ...  18   1  -2]
  [ 10   4  25 ...  -7  30   3]
  [ -2 -14 -28 ...   4 -16 -11]
  ...
  [  9 -13  38 ...  19   9   6]
  [-20 -18 -16 ...   1 -19 -17]
  [-12 -27   4 ... -37   5  10]]

 [[  7  10  36 ... -34 -29 -19]
  [ 11 -17  -6 ... -10  15 -11]
  [  0   4   0 ...  -3  -8   9]
  ...
  [ -4   1  21 ...  -4   2   1]
  [ -5   6  -2 ...   7 -21 -21]
  [ -8 -30   6 ... -30  -6  -2]]

 [[  1  -9  11 ... -27  -7  11]
  [  2 -13 -13 ... -10  28  -8]
  [ -7   9  17 ... -26 -11  -1]
  ...
  [ 10   5 -11 ... -28  12 -10]
  [-10 -15  20 ...  14 -18   3]
  [ -4 -31  15 ...   2  -1   5]]]
[[[-16  -6 -49 ...  13 -16 -15]
  [  5  11  31 ... -11 -17   8]
  [-18  -1  27 ...  12  26 -15]
  ...
  [  5   9  20 ...  39  37  -4]
  [-22 -28 -24 ...  18   1  -4]
  [-18 -13 -22 ... -30   3  12]]

 [[-15   5  42 ...  25   7  -4]
  [-13  20  15 ...  -7 -19 -18]
  [  5   0   3 ...  -3  17  -4]
  ...
  [-13  -5  13 ...  33  37   2]
  [-25 -24 -10 ...  26  18  -5]
  [ -2 -18  -3 ... -49 -12  -4]]

 [[  6  -5  23 ...  14  -1 -14]
  [  9   7  22 ...   6 -16   1]
  [  2 -14  26 ... -20 -23 -16]
  ...
  [ -5 -19  -3 ...  41  40 -19]
  [  4   4   4 ...  20   2  11]
  [  9  -9   1 ... -48  20 -12]]

 [[ -5   7  -2 ... -19  27  -1]
  [  1   1   7 ...  -1 -30  -7]
  [ 13  -8  37 ... -20 -33   1]
  ...
  [-13 -14  -8 ...  28  43   4]
  [ -6  -7  19 ...   6   9   8]
  [ 10  -3 -18 ... -58   2   7]]

 [[  2 -14  12 ...  -8   1  -6]
  [  4  -6 -34 ...  14 -15 -12]
  [ -3  -8   8 ...  16  -1  -5]
  ...
  [ -2   8  -9 ...  -8  24 -11]
  [  5  -5   4 ...   4  -9 -17]
  [-19  -2  -4 ...  -1   6  11]]]
[[[-18  -7  27 ...  15 -22  10]
  [ 10   0  -9 ... -12 -19   9]
  [ -1  -6 -16 ...  12 -76 -14]
  ...
  [ -9   8  -8 ...  14 -33   9]
  [ 11 -34 -17 ...  17 -12 -21]
  [-19 -23  22 ... -13 -17  -9]]

 [[  4   6  14 ...  19  -4  -2]
  [  4 -15  23 ... -12 -19 -10]
  [  3 -11  38 ...   4 -25 -10]
  ...
  [  0  13  17 ...  31 -33   7]
  [-18 -17   0 ...  -2   4 -14]
  [ -7 -12  16 ... -54 -11   7]]

 [[  1 -19  40 ...  11  26   7]
  [ 11 -14 -17 ...   2 -14  -6]
  [  6   6  47 ...  -3 -18 -16]
  ...
  [-12  -2 -14 ...  21 -37 -12]
  [  3  -9   7 ...  13  -9  -1]
  [-14  -8   9 ... -50 -11  -3]]

 [[  6   5  11 ...   6  14   4]
  [ 11  -5  -8 ...  16 -32  -6]
  [  1   5  -2 ...   0  -1 -12]
  ...
  [-11  -3  -4 ...  25 -24   0]
  [ -5 -20  -3 ...   0 -22  -7]
  [-19 -21   1 ... -67  10 -15]]

 [[ -1 -11 -27 ... -16   1 -16]
  [-13   1   0 ...  26  -9 -18]
  [  5  -1   1 ...  29   4 -11]
  ...
  [  3  -1  19 ...  -8  -8   6]
  [-12 -10  24 ... -21  -1 -17]
  [-17 -34  -6 ... -20  -1 -11]]]
[[[  6 -11  18 ...   4  19  -9]
  [  2 -21  26 ...   8   3   1]
  [  2  -4  26 ...   7 -32  -1]
  ...
  [  0   7  25 ...  18 -18  11]
  [ -2 -14  -7 ...   7 -10   8]
  [ -9 -25   8 ...   3  -9  10]]

 [[ -4 -12  43 ...  19   9   1]
  [-17 -16 -40 ...   5  18   1]
  [ -6  -2  28 ...   9 -25  -2]
  ...
  [-13  -8 -24 ...  28 -16   6]
  [ -2 -16 -19 ...   1   3 -17]
  [-18   1   4 ... -20   9  10]]

 [[ -2   0   7 ...  11 -19  -3]
  [ -8 -19 -17 ...  12  10 -18]
  [-10  -8  13 ...   7 -21  -9]
  ...
  [-12   3 -22 ...  35 -12 -14]
  [ -7 -15   5 ...   6   1  -1]
  [-17  -3   8 ... -46  -8  -9]]

 [[  5 -13  -7 ... -18  -7  -9]
  [-17 -16   8 ...  23  -4   7]
  [ -5  13  15 ...  -2 -35 -11]
  ...
  [ -7  15  -2 ...   5 -22   2]
  [-11  -1  -3 ... -11   0  -6]
  [ 10   1  14 ... -38   0  -3]]

 [[-18   3  17 ... -39  -9  -2]
  [  9 -12  -9 ...  15   2   6]
  [ 11 -12 -17 ...  14 -25   5]
  ...
  [ -1   2 -21 ...  -8  -9 -12]
  [  6  -3  -5 ... -18   2 -17]
  [ -6 -16   7 ... -13   2  10]]]
